0 0.06770833333333333 0.275 0.00625 0.03888888888888889
0 0.1578125 0.26064814814814813 0.007291666666666667 0.030555555555555555
0 0.1765625 0.2777777777777778 0.005208333333333333 0.03888888888888889
0 0.22942708333333334 0.25092592592592594 0.005729166666666666 0.027777777777777776
0 0.19713541666666667 0.2569444444444444 0.0078125 0.03425925925925926
0 0.18229166666666666 0.24583333333333332 0.00625 0.026851851851851852
0 0.08125 0.2569444444444444 0.00625 0.032407407407407406
0 0.0125 0.24814814814814815 0.00625 0.027777777777777776
0 0.20546875 0.24583333333333332 0.0046875 0.025
0 0.13619791666666667 0.23796296296296296 0.005729166666666666 0.024074074074074074
0 0.04114583333333333 0.23148148148148148 0.003125 0.022222222222222223
0 0.14921875 0.2569444444444444 0.0067708333333333336 0.030555555555555555
0 0.17473958333333334 0.2462962962962963 0.0036458333333333334 0.024074074074074074
0 0.07291666666666667 0.2337962962962963 0.005208333333333333 0.023148148148148147
0 0.14427083333333332 0.2574074074074074 0.00625 0.03148148148148148
0 0.17109375 0.2273148148148148 0.005729166666666666 0.019444444444444445
0 0.06875 0.22916666666666666 0.003125 0.021296296296296296
0 0.07708333333333334 0.23564814814814813 0.004166666666666667 0.025
1 0.12864583333333332 0.22037037037037038 0.005208333333333333 0.022222222222222223