0 0.0171875 0.27361111111111114 0.008333333333333333 0.03611111111111111
0 0.13255208333333332 0.2675925925925926 0.005729166666666666 0.03518518518518519
0 0.20963541666666666 0.2388888888888889 0.0046875 0.024074074074074074
0 0.04895833333333333 0.25601851851851853 0.00625 0.030555555555555555
0 0.14609375 0.22453703703703703 0.0036458333333333334 0.019444444444444445
0 0.15989583333333332 0.25416666666666665 0.005208333333333333 0.030555555555555555
0 0.14973958333333334 0.225 0.0036458333333333334 0.018518518518518517
0 0.17604166666666668 0.23935185185185184 0.005208333333333333 0.023148148148148147
0 0.18072916666666666 0.24861111111111112 0.005208333333333333 0.025
0 0.13229166666666667 0.24259259259259258 0.00625 0.022222222222222223
0 0.16979166666666667 0.24675925925925926 0.004166666666666667 0.025
0 0.047135416666666666 0.23425925925925925 0.0046875 0.024074074074074074
0 0.11979166666666667 0.23194444444444445 0.004166666666666667 0.021296296296296296
0 0.18333333333333332 0.23703703703703705 0.004166666666666667 0.022222222222222223
0 0.014322916666666666 0.2310185185185185 0.005729166666666666 0.021296296296296296
0 0.015625 0.23055555555555557 0.005208333333333333 0.020370370370370372
0 0.16666666666666666 0.23935185185185184 0.004166666666666667 0.021296296296296296
1 0.09401041666666667 0.2199074074074074 0.0036458333333333334 0.019444444444444445
1 0.07395833333333333 0.21944444444444444 0.003125 0.016666666666666666