0 0.19192708333333333 0.24722222222222223 0.005729166666666666 0.027777777777777776
0 0.13203125 0.2777777777777778 0.005729166666666666 0.037037037037037035
0 0.08229166666666667 0.25046296296296294 0.00625 0.028703703703703703
0 0.21692708333333333 0.25277777777777777 0.0078125 0.025925925925925925
0 0.14166666666666666 0.25416666666666665 0.008333333333333333 0.032407407407407406
0 0.016666666666666666 0.26064814814814813 0.00625 0.032407407407407406
0 0.15520833333333334 0.2439814814814815 0.005208333333333333 0.025
0 0.11458333333333333 0.23564814814814813 0.004166666666666667 0.023148148148148147
0 0.17578125 0.2351851851851852 0.0036458333333333334 0.024074074074074074
0 0.0359375 0.2375 0.004166666666666667 0.025
0 0.20338541666666668 0.2361111111111111 0.0036458333333333334 0.024074074074074074
0 0.13854166666666667 0.2263888888888889 0.003125 0.019444444444444445
0 0.18020833333333333 0.24768518518518517 0.003125 0.025
0 0.13177083333333334 0.22685185185185186 0.003125 0.020370370370370372
1 0.08489583333333334 0.2222222222222222 0.003125 0.018518518518518517